# game = Game(4, 64)

[Game <[[0, 0, 0, 2], [0, 0, 0, 0], [0, 0, 0, 0], [0, 0, 0, 0]]>, Game <[[0, 0, 0, 2], [0, 0, 0, 0], [0, 0, 0, 0], [0, 0, 0, 2]]>, Game <[[2, 0, 0, 0], [0, 0, 0, 0], [0, 0, 0, 0], [0, 0, 0, 4]]>, Game <[[2, 0, 0, 4], [0, 0, 0, 0], [0, 0, 0, 0], [0, 0, 0, 2]]>, Game <[[0, 0, 2, 4], [0, 0, 0, 0], [0, 0, 0, 0], [2, 0, 0, 2]]>, Game <[[0, 0, 2, 4], [0, 0, 0, 0], [0, 0, 0, 0], [2, 0, 0, 4]]>, Game <[[0, 0, 2, 4], [0, 0, 0, 0], [0, 0, 0, 0], [2, 0, 2, 4]]>, Game <[[0, 0, 2, 4], [0, 0, 0, 0], [0, 0, 0, 0], [2, 0, 4, 4]]>, Game <[[0, 0, 2, 4], [0, 0, 0, 0], [0, 0, 0, 0], [2, 0, 2, 8]]>, Game <[[0, 0, 2, 4], [0, 0, 0, 0], [0, 0, 0, 0], [2, 0, 4, 8]]>, Game <[[0, 0, 2, 4], [0, 0, 0, 0], [0, 0, 0, 0], [2, 2, 4, 8]]>, Game <[[2, 4, 0, 2], [0, 0, 0, 0], [0, 0, 0, 0], [4, 4, 8, 0]]>, Game <[[2, 4, 2, 2], [0, 0, 0, 0], [0, 0, 0, 0], [8, 8, 0, 0]]>, Game <[[0, 2, 4, 4], [0, 0, 0, 0], [0, 0, 0, 0], [2, 0, 0, 16]]>, Game <[[2, 8, 0, 2], [0, 0, 0, 0], [0, 0, 0, 0], [2, 16, 0, 0]]>, Game <[[4, 8, 0, 2], [0, 16, 0, 0], [0, 0, 0, 0], [0, 0, 0, 2]]>, Game <[[4, 8, 0, 4], [0, 16, 0, 0], [0, 0, 0, 0], [0, 0, 0, 2]]>, Game <[[4, 8, 0, 4], [0, 16, 0, 2], [0, 0, 0, 0], [0, 0, 0, 2]]>, Game <[[4, 8, 0, 4], [0, 16, 0, 4], [0, 0, 0, 0], [0, 0, 0, 2]]>, Game <[[4, 8, 0, 8], [0, 16, 0, 2], [0, 0, 0, 0], [0, 0, 0, 2]]>, Game <[[4, 8, 0, 8], [0, 16, 0, 4], [0, 0, 0, 0], [0, 0, 0, 2]]>, Game <[[4, 8, 0, 8], [0, 16, 0, 4], [0, 0, 0, 2], [0, 0, 0, 2]]>, Game <[[2, 0, 0, 0], [0, 0, 0, 8], [0, 8, 0, 4], [4, 16, 0, 4]]>, Game <[[2, 0, 0, 0], [0, 0, 0, 0], [2, 8, 0, 8], [4, 16, 0, 8]]>, Game <[[4, 8, 0, 16], [4, 16, 0, 0], [0, 0, 0, 0], [0, 0, 0, 2]]>, Game <[[8, 8, 0, 16], [0, 16, 0, 2], [0, 0, 0, 0], [0, 0, 0, 2]]>, Game <[[0, 0, 16, 16], [0, 0, 16, 2], [0, 0, 0, 0], [2, 0, 0, 2]]>, Game <[[32, 0, 0, 2], [16, 2, 0, 0], [0, 0, 0, 0], [4, 0, 0, 0]]>, Game <[[0, 0, 32, 2], [0, 0, 16, 2], [0, 0, 0, 0], [2, 0, 0, 4]]>, Game <[[0, 0, 32, 2], [0, 0, 16, 2], [0, 0, 0, 0], [2, 0, 2, 4]]>, Game <[[0, 0, 32, 2], [0, 0, 16, 2], [0, 0, 0, 0], [2, 0, 4, 4]]>, Game <[[2, 0, 0, 0], [0, 0, 32, 0], [0, 0, 16, 4], [2, 0, 4, 4]]>, Game <[[2, 0, 0, 0], [0, 0, 32, 0], [0, 0, 16, 0], [4, 0, 4, 8]]>, Game <[[2, 0, 0, 2], [32, 0, 0, 0], [16, 0, 0, 0], [8, 8, 0, 0]]>, Game <[[4, 0, 0, 2], [32, 0, 0, 0], [16, 0, 0, 0], [16, 0, 0, 0]]>, Game <[[4, 0, 0, 2], [32, 0, 0, 0], [32, 0, 0, 0], [0, 0, 0, 2]]>, Game <[[2, 0, 0, 0], [0, 0, 0, 0], [4, 0, 0, 0], [64, 0, 0, 4]]>]
37
1278.5932025909424

Process finished with exit code 0




[Game <[[0, 0, 0, 2], [0, 0, 0, 0], [0, 0, 0, 0], [0, 0, 0, 0]]>, Game <[[0, 0, 0, 2], [0, 0, 0, 0], [0, 0, 0, 0], [0, 0, 0, 2]]>, Game <[[2, 0, 0, 0], [0, 0, 0, 0], [0, 0, 0, 0], [0, 0, 0, 4]]>, Game <[[2, 0, 0, 4], [0, 0, 0, 0], [0, 0, 0, 0], [0, 0, 0, 2]]>, Game <[[0, 0, 2, 4], [0, 0, 0, 0], [0, 0, 0, 0], [2, 0, 0, 2]]>, Game <[[0, 0, 2, 4], [0, 0, 0, 0], [0, 0, 0, 0], [2, 0, 0, 4]]>, Game <[[0, 0, 2, 4], [0, 0, 0, 0], [0, 0, 0, 0], [2, 0, 2, 4]]>, Game <[[0, 0, 2, 4], [0, 0, 0, 0], [0, 0, 0, 0], [2, 0, 4, 4]]>, Game <[[0, 0, 2, 4], [0, 0, 0, 0], [0, 0, 0, 0], [2, 0, 2, 8]]>, Game <[[0, 0, 2, 4], [0, 0, 0, 0], [0, 0, 0, 0], [2, 0, 4, 8]]>, Game <[[0, 0, 2, 4], [0, 0, 0, 0], [0, 0, 0, 0], [2, 2, 4, 8]]>, Game <[[2, 4, 0, 2], [0, 0, 0, 0], [0, 0, 0, 0], [4, 4, 8, 0]]>, Game <[[2, 4, 2, 2], [0, 0, 0, 0], [0, 0, 0, 0], [8, 8, 0, 0]]>, Game <[[0, 2, 4, 4], [0, 0, 0, 0], [0, 0, 0, 0], [2, 0, 0, 16]]>, Game <[[2, 8, 0, 2], [0, 0, 0, 0], [0, 0, 0, 0], [2, 16, 0, 0]]>, Game <[[4, 8, 0, 2], [0, 16, 0, 0], [0, 0, 0, 0], [0, 0, 0, 2]]>, Game <[[4, 8, 0, 4], [0, 16, 0, 0], [0, 0, 0, 0], [0, 0, 0, 2]]>, Game <[[4, 8, 0, 4], [0, 16, 0, 2], [0, 0, 0, 0], [0, 0, 0, 2]]>, Game <[[4, 8, 0, 4], [0, 16, 0, 4], [0, 0, 0, 0], [0, 0, 0, 2]]>, Game <[[4, 8, 0, 8], [0, 16, 0, 2], [0, 0, 0, 0], [0, 0, 0, 2]]>, Game <[[4, 8, 0, 8], [0, 16, 0, 4], [0, 0, 0, 0], [0, 0, 0, 2]]>, Game <[[4, 8, 0, 8], [0, 16, 0, 4], [0, 0, 0, 2], [0, 0, 0, 2]]>, Game <[[2, 0, 0, 0], [0, 0, 0, 8], [0, 8, 0, 4], [4, 16, 0, 4]]>, Game <[[2, 0, 0, 0], [0, 0, 0, 0], [2, 8, 0, 8], [4, 16, 0, 8]]>, Game <[[4, 8, 0, 16], [4, 16, 0, 0], [0, 0, 0, 0], [0, 0, 0, 2]]>, Game <[[8, 8, 0, 16], [0, 16, 0, 2], [0, 0, 0, 0], [0, 0, 0, 2]]>, Game <[[0, 0, 16, 16], [0, 0, 16, 2], [0, 0, 0, 0], [2, 0, 0, 2]]>, Game <[[32, 0, 0, 2], [16, 2, 0, 0], [0, 0, 0, 0], [4, 0, 0, 0]]>, Game <[[0, 0, 32, 2], [0, 0, 16, 2], [0, 0, 0, 0], [2, 0, 0, 4]]>, Game <[[0, 0, 32, 2], [0, 0, 16, 2], [0, 0, 0, 0], [2, 0, 2, 4]]>, Game <[[0, 0, 32, 2], [0, 0, 16, 2], [0, 0, 0, 0], [2, 0, 4, 4]]>, Game <[[2, 0, 0, 0], [0, 0, 32, 0], [0, 0, 16, 4], [2, 0, 4, 4]]>, Game <[[2, 0, 0, 0], [0, 0, 32, 0], [0, 0, 16, 0], [4, 0, 4, 8]]>, Game <[[2, 0, 0, 2], [32, 0, 0, 0], [16, 0, 0, 0], [8, 8, 0, 0]]>, Game <[[4, 0, 0, 2], [32, 0, 0, 0], [16, 0, 0, 0], [16, 0, 0, 0]]>, Game <[[4, 0, 0, 2], [32, 0, 0, 0], [32, 0, 0, 0], [0, 0, 0, 2]]>, Game <[[2, 0, 0, 0], [0, 0, 0, 0], [4, 0, 0, 0], [64, 0, 0, 4]]>]
37
1272.3251564502716

On 4x4 board with goal of 128 #4
goal2_diff_heuristic_2: path length 89.0 in 0.01838052272796631
goal2_diff_heuristic: path length 89.0 in 0.018501639366149902
sum2_diff_heuristic: path length 89.0 in 0.018584132194519043
sum2_diff_heuristic_2: path length 89.0 in 0.01866161823272705
near_perfect_heuristic: path length 89.0 in 0.01882946491241455
near_perfect_heuristic_g: path length 89.0 in 0.019047260284423828
near_perfect_heuristic_d: path length 89.0 in 0.019110441207885742
near_perfect_heuristic_d_g: path length 89.0 in 0.019369959831237793
sum2_diff_heuristic_e: path length 117.0 in 0.026968955993652344
sum_diff_heuristic: path length 151.0 in 0.032256245613098145
goal_diff_heuristic: path length 151.0 in 0.032413363456726074
sum_diff_heuristic_2: path length 72.0 in 0.5359131097793579
sum_diff_heuristic_x2: path length 72.0 in 0.9254031181335449
min_perfect_heuristic: path length 70.0 in 1.4879891872406006
min_perfect_heuristic_d: path length 70.0 in 1.650811791419983


On 4x4 board with goal of 32
goal_diff_heuristic: 61.0 in 0.012470841407775879
goal_diff_heuristic_2: 20.0 in 0.9337555170059204
sum_diff_heuristic: 61.0 in 0.012414813041687012
sum_diff_heuristic_2: 20.0 in 0.024582386016845703
sum_diff_heuristic_x2: 61.0 in 0.011878252029418945
goal2_diff_heuristic: 20.0 in 0.0037497282028198242
goal2_diff_heuristic_2: 20.0 in 0.003763556480407715
sum2_diff_heuristic: 20.0 in 0.0037468671798706055
sum2_diff_heuristic_2: 20.0 in 0.0037598609924316406
min_perfect_heuristic: 21.0 in 0.025596976280212402 # broken

On 4x4 board with goal of 64
goal_diff_heuristic: path length 91.0 in 0.019132256507873535
goal_diff_heuristic_2: path length 37.0 in 24.34394121170044
sum_diff_heuristic: path length 91.0 in 0.01932394504547119
sum_diff_heuristic_2: path length 38.0 in 0.21336424350738525
sum_diff_heuristic_x2: path length 91.0 in 0.01840806007385254
goal2_diff_heuristic: path length 45.0 in 0.009155035018920898
goal2_diff_heuristic_2: path length 45.0 in 0.009076595306396484
sum2_diff_heuristic: path length 45.0 in 0.008992910385131836
sum2_diff_heuristic_2: path length 45.0 in 0.009074807167053223
min_perfect_heuristic: path length 39.0 in 0.10801517963409424 # broken


On 4x4 board with goal of 64
goal_diff_heuristic: path length 91.0 in 0.01938045024871826
sum_diff_heuristic: path length 91.0 in 0.019224166870117188
sum_diff_heuristic_2: path length 38.0 in 0.21426808834075928
sum_diff_heuristic_x2: path length 91.0 in 0.018349885940551758
goal2_diff_heuristic: path length 45.0 in 0.009148597717285156
goal2_diff_heuristic_2: path length 45.0 in 0.009075760841369629
sum2_diff_heuristic: path length 45.0 in 0.008986830711364746
sum2_diff_heuristic_2: path length 45.0 in 0.009589791297912598
min_perfect_heuristic: path length 37.0 in 0.07845759391784668
min_perfect_heuristic_d: path length 37.0 in 0.08778989315032959
sum2_diff_heuristic_e: path length 41.0 in 0.008806228637695312



On 4x4 board with goal of 128
sum2_diff_heuristic: path length 89.0 in 0.017797231674194336
goal2_diff_heuristic: path length 89.0 in 0.01783299446105957
sum2_diff_heuristic_2: path length 89.0 in 0.01814103126525879
goal2_diff_heuristic_2: path length 89.0 in 0.018172144889831543
sum2_diff_heuristic_e: path length 117.0 in 0.026474952697753906
sum_diff_heuristic_x2: path length 151.0 in 0.03035604953765869
sum_diff_heuristic: path length 151.0 in 0.031926631927490234
goal_diff_heuristic: path length 151.0 in 0.03194546699523926
sum_diff_heuristic_2: path length 72.0 in 0.526147723197937
min_perfect_heuristic: path length 70.0 in 1.4798619747161865
min_perfect_heuristic_d: path length 70.0 in 1.639726996421814
